20
31
34
16
37
19
1
36
50
49
39
16
6
10
37
27
13
36
36
36
9
31
19
21
47
32
27
40
32
46
41
46
7
30
21
13
3
35
19
3
11
18
36
17
25
47
10
46
11
25
28
25
45
49
14
16
11
19
18
20
44
5
6
29
43
35
16
47
45
1
36
17
49
24
22
29
17
31
7
15
5
18
49
35
1
18
50
34
14
25
7
21
42
30
26
38
15
32
23
37
40
19
5
29
20
38
14
43
37
36
18
4
12
42
8
19
11
22
23
42
17
19
14
14
20
33
40
15
21
33
41
20
16
8
22
15
28
9
18
17
20
33
8
8
36
20
28
14
5
2
30
35
22
43
16
10
24
46
11
46
16
25
46
4
40
6
33
4
4
24
14
34
12
3
10
40
48
43
13
21
36
47
9
44
41
9
12
41
14
19
7
20
20
25
43
14
20
35
50
12
9
28
35
17
16
16
38
31
19
8
31
35
9
32
30
6
24
47
38
20
35
30
42
27
32
1
21
15
19
29
36
40
42
16
25
20
42
28
4
49
24
22
1
45
28
34
16
44
49
23
48
50
4
13
22
44
18
49
31
37
33
22
41
42
11
22
1
15
28
35
3
22
4
12
50
45
3
46
14
10
23
20
12
2
13
43
19
50
50
46
17
19
28
3
14
47
15
36
25
5
18
39
11
34
39
1
28
10
20
16
30
41
3
26
23
2
33
31
42
44
13
48
19
15
46
25
20
43
50
23
49
42
7
30
44
23
38
47
40
25
27
38
30
30
21
42
15
36
43
43
28
35
28
16
26
8
13
40
19
34
7
8
11
10
42
27
26
2
40
46
32
42
26
17
4
6
26
42
46
11
15
19
48
31
29
41
9
43
24
33
10
46
4
23
49
21
42
36
26
30
23
38
2
34
35
31
37
24
35
7
43
32
9
9
19
5
8
48
45
14
23
26
37
6
14
22
31
21
28
18
4
8
33
41
13
19
5
24
48
27
3
16
10
41
42
26
33
13
24
44
25
25
12
42
5
25
17
45
39
11
15
14
19
32
21
33
19
1
3
45
40
11
49
46
45
19
3
4
44
28
19
41
9
2
13
35
17
3
6
11
23
30
15
45
48
4
41
7
16
13
11
10
10
5
45
43
26
1
46
26
27
40
2
39
48
25
44
24
10
38
11
10
11
1
9
12
26
13
15
29
35
27
32
20
25
20
24
44
4
47
34
4
37
12
38
18
23
18
9
3
13
2
31
18
39
35
21
16
37
28
8
19
18
35
9
48
7
48
41
29
10
39
4
35
39
2
14
46
41
7
50
47
17
27
36
13
39
7
18
40
25
44
15
38
39
24
11
32
35
38
6
13
23
27
36
10
47
1
46
49
46
32
11
47
6
7
22
17
36
34
5
38
13
5
11
34
5
35
27
37
7
18
21
19
8
42
45
35
31
23
21
42
41
32
14
44
46
9
35
39
17
19
4
42
42
27
16
11
49
14
22
20
11
50
36
9
5
28
25
24
23
21
36
23
24
34
1
36
45
48
8
35
4
16
22
31
12
41
18
3
8
44
14
20
17
25
11
16
39
25
12
41
6
5
2
32
36
7
33
38
20
24
2
34
41
42
4
11
43
43
9
8
44
23
48
50
21
39
50
7
37
24
6
17
44
25
20
17
22
30
5
12
27
23
20
18
49
14
30
5
46
15
40
46
38
18
1
5
11
22
39
46
17
30
12
22
41
24
6
18
1
23
23
6
3
30
32
26
37
44
38
12
8
46
31
15
46
25
32
37
40
30
48
19
23
37
33
50
3
38
40
14
6
36
44
7
27
49
1
6
28
44
50
25
37
28
46
22
13
38
8
34
13
2
48
34
42
20
33
22
17
26
18
23
28
7
27
5
31
47
38
46
50
50
18
6
21
8
32
17
4
41
33
18
38
31
42
14
16
33
14
44
40
1
23
28
28
26
48
18
36
50
8
50
31
2
25
35
50
50
17
47
45
1
49
4
34
42
50
22
30
26
46
32
3
25
9
5
11
15
25
37
43
4
4
46
22
41
4
13
49
16
26
18
27
31
37
20
10
36
20
37
2
18
21
50
25
20
40
20
7
22
11
24
39
6
28
35
13
13
21
28
25
7
4
19
22
16
43
39
50
48
35
41
44
40
13
7
40
40
50
34
26
26
40
25
17
33
42
23
29
43
14
38
25
15
4
12
15
41
10
29
10
15
50
32
30
33
49
20
39
6
12
22
13
48
47
5
3
50
